-23.38
-22.84
-22.39
-22.05
-21.89
-21.91
-22.01
-22.12
-22.23
-22.30
-22.35
-22.38
-22.39
-22.37
-22.31
-22.23
-22.12
-22.01
-21.95
-21.94
-21.96
-21.98
-21.99
-21.98
-21.96
-21.94
-21.93
-21.92
-21.95
-22.08
-22.29
-22.47
-22.57
-22.62
-22.63
-22.64
-22.70
-22.81
-22.90
-22.94
-22.97
-23.00
-23.01
-23.00
-23.00
-23.01
-23.04
-23.09
-23.12
-23.14
-23.15
-23.15
-23.15
-23.15
-23.15
-23.14
-23.13
-23.12
-23.10
-23.09
-23.08
-23.06
-23.05
-23.04
-23.02
-23.00
-22.99
-22.97
-22.95
-22.93
-22.91
-22.89
-22.87
-22.85
-22.83
-22.81
-22.78
-22.76
-22.74
-22.72
-22.70
-22.67
-22.65
-22.63
-22.61
-22.58
-22.56
-22.54
-22.52
-22.49
-22.47
