-22.88
-22.35
-21.88
-21.71
-21.60
-21.60
-21.62
-21.60
-21.53
-21.42
-21.30
-21.17
-21.05
-20.94
-20.83
-20.74
-20.66
-20.59
-20.54
-20.50
-20.51
-20.54
-20.55
-20.52
-20.49
-20.48
-20.47
-20.46
-20.50
-20.63
-20.86
-21.06
-21.18
-21.22
-21.22
-21.22
-21.27
-21.38
-21.45
-21.47
-21.48
-21.48
-21.47
-21.46
-21.46
-21.49
-21.59
-21.73
-21.85
-21.94
-22.00
-22.03
-22.07
-22.10
-22.14
-22.17
-22.20
-22.20
-22.18
-22.17
-22.17
-22.20
-22.24
-22.30
-22.35
-22.40
-22.43
-22.46
-22.48
-22.49
-22.50
-22.51
-22.51
-22.51
-22.50
-22.49
-22.48
-22.47
-22.46
-22.45
-22.44
-22.42
-22.41
-22.40
-22.38
-22.37
-22.35
-22.33
-22.32
-22.30
-22.28
