-23.22
-22.68
-22.30
-22.00
-21.85
-21.86
-21.94
-22.02
-22.06
-22.05
-22.00
-21.93
-21.85
-21.75
-21.66
-21.57
-21.48
-21.41
-21.35
-21.32
-21.32
-21.33
-21.32
-21.29
-21.26
-21.23
-21.21
-21.20
-21.23
-21.37
-21.60
-21.79
-21.91
-21.95
-21.96
-21.97
-22.03
-22.15
-22.24
-22.29
-22.32
-22.34
-22.34
-22.34
-22.33
-22.36
-22.44
-22.54
-22.63
-22.69
-22.74
-22.76
-22.79
-22.81
-22.83
-22.85
-22.86
-22.85
-22.84
-22.84
-22.83
-22.83
-22.85
-22.86
-22.87
-22.87
-22.87
-22.86
-22.85
-22.84
-22.83
-22.82
-22.80
-22.78
-22.76
-22.75
-22.73
-22.71
-22.69
-22.67
-22.65
-22.63
-22.60
-22.58
-22.56
-22.54
-22.52
-22.50
-22.48
-22.45
-22.43
