-23.31
-22.78
-22.36
-22.03
-21.88
-21.89
-21.98
-22.08
-22.16
-22.19
-22.19
-22.16
-22.11
-22.04
-21.95
-21.86
-21.77
-21.69
-21.64
-21.61
-21.60
-21.60
-21.58
-21.55
-21.52
-21.49
-21.46
-21.44
-21.48
-21.61
-21.84
-22.03
-22.15
-22.19
-22.20
-22.22
-22.28
-22.41
-22.53
-22.59
-22.63
-22.66
-22.68
-22.67
-22.67
-22.69
-22.75
-22.82
-22.88
-22.92
-22.95
-22.98
-22.99
-23.00
-23.01
-23.02
-23.02
-23.02
-23.01
-23.00
-22.99
-22.98
-22.98
-22.98
-22.97
-22.96
-22.95
-22.94
-22.92
-22.90
-22.89
-22.87
-22.85
-22.83
-22.81
-22.79
-22.77
-22.75
-22.73
-22.70
-22.68
-22.66
-22.64
-22.62
-22.60
-22.57
-22.55
-22.53
-22.51
-22.48
-22.46
