-23.06
-22.46
-22.17
-21.92
-21.79
-21.80
-21.86
-21.90
-21.88
-21.82
-21.73
-21.63
-21.53
-21.42
-21.32
-21.22
-21.14
-21.07
-21.01
-20.98
-20.99
-21.02
-21.03
-21.01
-20.98
-20.97
-20.96
-20.96
-20.99
-21.13
-21.35
-21.55
-21.66
-21.71
-21.71
-21.71
-21.76
-21.86
-21.93
-21.95
-21.96
-21.96
-21.96
-21.95
-21.94
-21.97
-22.07
-22.20
-22.31
-22.39
-22.44
-22.48
-22.50
-22.53
-22.56
-22.59
-22.60
-22.60
-22.59
-22.57
-22.57
-22.59
-22.62
-22.65
-22.68
-22.70
-22.72
-22.73
-22.73
-22.73
-22.73
-22.72
-22.71
-22.70
-22.68
-22.67
-22.65
-22.64
-22.62
-22.60
-22.58
-22.56
-22.54
-22.53
-22.51
-22.49
-22.47
-22.45
-22.43
-22.40
-22.38
