-23.41
-22.87
-22.40
-22.06
-21.90
-21.92
-22.02
-22.15
-22.26
-22.36
-22.45
-22.54
-22.63
-22.70
-22.71
-22.63
-22.47
-22.30
-22.23
-22.25
-22.33
-22.44
-22.54
-22.64
-22.74
-22.82
-22.90
-22.97
-23.03
-23.08
-23.13
-23.17
-23.21
-23.24
-23.26
-23.28
-23.30
-23.31
-23.32
-23.33
-23.33
-23.33
-23.33
-23.33
-23.32
-23.32
-23.31
-23.31
-23.30
-23.29
-23.28
-23.27
-23.25
-23.24
-23.22
-23.21
-23.19
-23.17
-23.16
-23.14
-23.12
-23.11
-23.09
-23.07
-23.05
-23.03
-23.01
-22.99
-22.96
-22.94
-22.92
-22.90
-22.88
-22.86
-22.84
-22.81
-22.79
-22.77
-22.75
-22.73
-22.70
-22.68
-22.66
-22.63
-22.61
-22.59
-22.57
-22.54
-22.52
-22.50
-22.47
