-23.04
-22.86
-22.40
-22.05
-21.90
-21.92
-22.02
-22.14
-22.25
-22.34
-22.42
-22.49
-22.54
-22.56
-22.54
-22.46
-22.32
-22.19
-22.12
-22.12
-22.17
-22.24
-22.28
-22.31
-22.33
-22.33
-22.34
-22.34
-22.38
-22.50
-22.67
-22.81
-22.90
-22.94
-22.95
-22.97
-23.01
-23.08
-23.14
-23.17
-23.18
-23.20
-23.20
-23.20
-23.20
-23.20
-23.21
-23.23
-23.24
-23.24
-23.24
-23.23
-23.22
-23.21
-23.20
-23.19
-23.17
-23.16
-23.14
-23.13
-23.11
-23.09
-23.07
-23.06
-23.04
-23.02
-23.00
-22.98
-22.96
-22.94
-22.92
-22.90
-22.88
-22.86
-22.83
-22.81
-22.79
-22.77
-22.75
-22.72
-22.70
-22.68
-22.66
-22.63
-22.61
-22.59
-22.56
-22.54
-22.52
-22.50
-22.47
